                 UGDS_BLACK   UGDS_HISP  UGDS_ASIAN UGDS_ASIAN.1   UGDS_AIAN
UGDS_BLACK       1.00000000 -0.40279901 -0.39129812  -0.39129812 -0.11628355
UGDS_HISP       -0.40279901  1.00000000  0.42035299   0.42035299 -0.08275168
UGDS_ASIAN      -0.39129812  0.42035299  1.00000000   1.00000000 -0.17381120
UGDS_ASIAN.1    -0.39129812  0.42035299  1.00000000   1.00000000 -0.17381120
UGDS_AIAN       -0.11628355 -0.08275168 -0.17381120  -0.17381120  1.00000000
UGDS_NHPI       -0.18173092  0.28328249  0.24230400   0.24230400  0.04443250
UGDS_2MOR       -0.45315955  0.25431092  0.38300423   0.38300423  0.13594850
UGDS_NRA        -0.24892132  0.09275336  0.53614933   0.53614933 -0.17362178
UGDS_UNKN       -0.08953608  0.03824424 -0.06563815  -0.06563815  0.02214432
UGDS_WHITE      -0.38606467 -0.49549832 -0.46942856  -0.46942856  0.15979665
UGDS            -0.25709363  0.41359796  0.40697702   0.40697702 -0.13669477
ADM_RATE        -0.02128010 -0.09149461 -0.49109234  -0.49109234  0.06043968
COSTT4_A        -0.26937382 -0.12368635  0.27422439   0.27422439  0.06377490
MD_EARN_WNE_P10 -0.50357941  0.27343137  0.65128605   0.65128605 -0.04099695
C100_4          -0.44551147 -0.07336891  0.40030988   0.40030988  0.02247263
PCTFLOAN         0.58720825 -0.34037932 -0.46629510  -0.46629510  0.09234300
CIP_SUM         -0.03437318  0.04464492 -0.18963683  -0.18963683  0.02137935
MINORATIO        0.38606437  0.49548083  0.46945872   0.46945872 -0.15976210
STU_APPLIED     -0.22636024  0.29026500  0.55629649   0.55629649 -0.13561251
                  UGDS_NHPI   UGDS_2MOR    UGDS_NRA   UGDS_UNKN  UGDS_WHITE
UGDS_BLACK      -0.18173092 -0.45315955 -0.24892132 -0.08953608 -0.38606467
UGDS_HISP        0.28328249  0.25431092  0.09275336  0.03824424 -0.49549832
UGDS_ASIAN       0.24230400  0.38300423  0.53614933 -0.06563815 -0.46942856
UGDS_ASIAN.1     0.24230400  0.38300423  0.53614933 -0.06563815 -0.46942856
UGDS_AIAN        0.04443250  0.13594850 -0.17362178  0.02214432  0.15979665
UGDS_NHPI        1.00000000  0.26468302  0.06178243  0.12899749 -0.22339737
UGDS_2MOR        0.26468302  1.00000000  0.10630906 -0.01044620 -0.04685394
UGDS_NRA         0.06178243  0.10630906  1.00000000 -0.09378719 -0.23890145
UGDS_UNKN        0.12899749 -0.01044620 -0.09378719  1.00000000 -0.18648348
UGDS_WHITE      -0.22339737 -0.04685394 -0.23890145 -0.18648348  1.00000000
UGDS            -0.08727216  0.13576815  0.13662883 -0.16126666 -0.18123855
ADM_RATE        -0.08420712 -0.25816818 -0.29013813  0.14038477  0.34609010
COSTT4_A         0.28471505  0.24949661  0.40841303  0.15356245  0.04302210
MD_EARN_WNE_P10  0.12790188  0.58711059  0.33497798 -0.05378111 -0.10256750
C100_4           0.02453004  0.25757857  0.33733187  0.06051888  0.17432358
PCTFLOAN         0.13918534 -0.32133514 -0.36560078  0.14116983 -0.07989028
CIP_SUM         -0.17509907 -0.02035028 -0.22374858 -0.26790277  0.22070044
MINORATIO        0.22335160  0.04690323  0.23896710  0.18640350 -0.99999995
STU_APPLIED     -0.06740765  0.17333739  0.27649874 -0.12982571 -0.24371746
                       UGDS    ADM_RATE    COSTT4_A MD_EARN_WNE_P10      C100_4
UGDS_BLACK      -0.25709363 -0.02128010 -0.26937382     -0.50357941 -0.44551147
UGDS_HISP        0.41359796 -0.09149461 -0.12368635      0.27343137 -0.07336891
UGDS_ASIAN       0.40697702 -0.49109234  0.27422439      0.65128605  0.40030988
UGDS_ASIAN.1     0.40697702 -0.49109234  0.27422439      0.65128605  0.40030988
UGDS_AIAN       -0.13669477  0.06043968  0.06377490     -0.04099695  0.02247263
UGDS_NHPI       -0.08727216 -0.08420712  0.28471505      0.12790188  0.02453004
UGDS_2MOR        0.13576815 -0.25816818  0.24949661      0.58711059  0.25757857
UGDS_NRA         0.13662883 -0.29013813  0.40841303      0.33497798  0.33733187
UGDS_UNKN       -0.16126666  0.14038477  0.15356245     -0.05378111  0.06051888
UGDS_WHITE      -0.18123855  0.34609010  0.04302210     -0.10256750  0.17432358
UGDS             1.00000000 -0.19989311 -0.36218811      0.28040608 -0.02760467
ADM_RATE        -0.19989311  1.00000000 -0.26865982     -0.40472142 -0.38537723
COSTT4_A        -0.36218811 -0.26865982  1.00000000      0.36590832  0.72153429
MD_EARN_WNE_P10  0.28040608 -0.40472142  0.36590832      1.00000000  0.50469215
C100_4          -0.02760467 -0.38537723  0.72153429      0.50469215  1.00000000
PCTFLOAN        -0.51442220  0.31090657  0.01855498     -0.57685837 -0.29245390
CIP_SUM          0.42857200  0.13574751 -0.37991584     -0.08501754 -0.22532822
MINORATIO        0.18124127 -0.34615187 -0.04302473      0.10261576 -0.17429537
STU_APPLIED      0.81533345 -0.46380359 -0.18662963      0.39573971  0.18827613
                   PCTFLOAN     CIP_SUM   MINORATIO STU_APPLIED
UGDS_BLACK       0.58720825 -0.03437318  0.38606437 -0.22636024
UGDS_HISP       -0.34037932  0.04464492  0.49548083  0.29026500
UGDS_ASIAN      -0.46629510 -0.18963683  0.46945872  0.55629649
UGDS_ASIAN.1    -0.46629510 -0.18963683  0.46945872  0.55629649
UGDS_AIAN        0.09234300  0.02137935 -0.15976210 -0.13561251
UGDS_NHPI        0.13918534 -0.17509907  0.22335160 -0.06740765
UGDS_2MOR       -0.32133514 -0.02035028  0.04690323  0.17333739
UGDS_NRA        -0.36560078 -0.22374858  0.23896710  0.27649874
UGDS_UNKN        0.14116983 -0.26790277  0.18640350 -0.12982571
UGDS_WHITE      -0.07989028  0.22070044 -0.99999995 -0.24371746
UGDS            -0.51442220  0.42857200  0.18124127  0.81533345
ADM_RATE         0.31090657  0.13574751 -0.34615187 -0.46380359
COSTT4_A         0.01855498 -0.37991584 -0.04302473 -0.18662963
MD_EARN_WNE_P10 -0.57685837 -0.08501754  0.10261576  0.39573971
C100_4          -0.29245390 -0.22532822 -0.17429537  0.18827613
PCTFLOAN         1.00000000 -0.22130238  0.07983254 -0.49575350
CIP_SUM         -0.22130238  1.00000000 -0.22074595  0.21489693
MINORATIO        0.07983254 -0.22074595  1.00000000  0.24373537
STU_APPLIED     -0.49575350  0.21489693  0.24373537  1.00000000
